
#100
0.0235
0.0092
0.0088
0.0124
0.0083
0.0204
0.0082
0.0056
0.0095
0.0030
0.0027
0.0024
0.0024
0.0024
0.0048
0.0065
0.0024
0.0060
0.0059
0.0024
0.0025
0.0024
0.0061
0.0024
0.0049
0.0036
0.0048
0.0024
0.0048
0.0024
0.0036
0.0036
0.0024
0.0024
0.0063
0.0061
0.0024
0.0024
0.0036
0.0036
0.0024
0.0024
0.0024
0.0036
0.0036
0.0059
0.0024
0.0060
0.0026
0.0024
0.0048
0.0048
0.0024
0.0059
0.0059
0.0036
0.0024
0.0024
0.0024
0.0024
0.0048
0.0024
0.0036
0.0036
0.0024
0.0048
0.0036
0.0048
0.0062
0.0049
0.0025
0.0059
0.0024
0.0024
0.0059
0.0048
0.0048
0.0048
0.0038
0.0064
0.0065
0.0057
0.0070
0.0064
0.0059
0.0036
0.0048
0.0036
0.0024
0.0024
0.0024
0.0059
0.0061
0.0050
0.0036
0.0024
0.0036
0.0024
0.0024
0.0024

#200
0.0367
0.0243
0.0086
0.0070
0.0173
0.0069
0.0173
0.0172
0.0070
0.0069
0.0070
0.0069
0.0140
0.0069
0.0140
0.0104
0.0172
0.0171
0.0105
0.0104
0.0173
0.0185
0.0151
0.0069
0.0177
0.0171
0.0173
0.0171
0.0070
0.0177
0.0070
0.0069
0.0172
0.0069
0.0172
0.0172
0.0070
0.0176
0.0070
0.0078
0.0179
0.0171
0.0140
0.0069
0.0070
0.0069
0.0107
0.0173
0.0074
0.0069
0.0070
0.0069
0.0069
0.0104
0.0070
0.0143
0.0070
0.0173
0.0070
0.0069
0.0173
0.0176
0.0070
0.0069
0.0140
0.0069
0.0106
0.0070
0.0173
0.0172
0.0070
0.0173
0.0173
0.0070
0.0105
0.0069
0.0071
0.0174
0.0070
0.0141
0.0070
0.0172
0.0070
0.0070
0.0069
0.0177
0.0069
0.0070
0.0171
0.0174
0.0174
0.0070
0.0171
0.0069
0.0069
0.0178
0.0104
0.0069
0.0069
0.0140

#400
0.0548
0.0224
0.0220
0.0559
0.0224
0.0221
0.0546
0.0441
0.0507
0.0559
0.0330
0.0330
0.0220
0.0222
0.0230
0.0445
0.0559
0.0545
0.0544
0.0330
0.0558
0.0221
0.0220
0.0344
0.0548
0.0543
0.0329
0.0225
0.0330
0.0439
0.0330
0.0551
0.0221
0.0220
0.0330
0.0440
0.0221
0.0225
0.0547
0.0544
0.0553
0.0220
0.0220
0.0220
0.0222
0.0548
0.0545
0.0441
0.0547
0.0220
0.0219
0.0330
0.0224
0.0440
0.0544
0.0336
0.0336
0.0221
0.0565
0.0545
0.0448
0.0444
0.0558
0.0543
0.0347
0.0226
0.0554
0.0544
0.0553
0.0546
0.0220
0.0544
0.0548
0.0330
0.0544
0.0220
0.0331
0.0551
0.0336
0.0544
0.0545
0.0352
0.0455
0.0562
0.0546
0.0228
0.0561
0.0557
0.0331
0.0220
0.0230
0.0220
0.0330
0.0329
0.0220
0.0220
0.0223
0.0552
0.0442
0.0546

#1000
0.2932
0.1171
0.1172
0.1205
0.1765
0.1180
0.2902
0.2943
0.1167
0.1181
0.2356
0.2955
0.1170
0.2903
0.1758
0.3653
0.1147
0.1713
0.2849
0.1147
0.2829
0.2844
0.1149
0.1723
0.1165
0.2866
0.2290
0.1146
0.2842
0.1148
0.2871
0.1182
0.1147
0.1713
0.1152
0.2878
0.2847
0.1717
0.2967
0.1153
0.2856
0.1144
0.1718
0.2876
0.1146
0.1150
0.1721
0.1724
0.1151
0.1153
0.1156
0.1710
0.1153
0.2872
0.1147
0.1146
0.1156
0.1157
0.2828
0.2837
0.2844
0.1141
0.1146
0.1153
0.1721
0.2831
0.2838
0.1204
0.1715
0.2848
0.2308
0.2305
0.2283
0.1159
0.1146
0.2286
0.2349
0.1712
0.1147
0.2846
0.2835
0.2822
0.1713
0.2845
0.2294
0.1155
0.1149
0.1148
0.2843
0.2869
0.1157
0.2290
0.1161
0.2836
0.1713
0.1149
0.2848
0.2876
0.2294
0.1153

#5000
4.7043
8.1029
7.8013
4.7151
3.1032
6.2630
6.0609
3.1888
6.0815
3.2465
6.0947
7.6700
7.4216
4.8050
3.0935
7.8938
7.5242
4.7813
7.5157
3.2351
4.6371
7.7630
6.7622
3.8433
3.5748
3.2222
7.8519
6.3259
4.7234
4.7956
8.1493
8.2319
3.3404
4.7997
7.7900
3.2312
6.2713
4.8462
6.5763
6.6906
6.5321
7.8753
7.8390
3.2468
4.7075
3.2970
3.2041
8.7014
3.4154
3.4437
6.6905
6.6201
3.4267
5.0886
4.7036
4.8037
7.6166
3.2199
3.1884
7.6608
7.7581
7.6671
7.6472
7.6591
3.1974
7.6704
3.2058
7.9436
7.7316
4.8148
3.2247
3.2436
4.7306
7.6911
3.2747
3.2062
4.8025
4.7816
4.7935
4.7304
7.8882
3.2061
3.5181
8.3493
8.3036
8.1272
3.4415
8.2777
3.4411
3.3840
3.4339
4.8344
7.7535
3.1596
3.2069
3.1580
7.6044
7.5048
3.3864
3.2502

#100
0.0098
0.0090
0.0135
0.0181
0.0089
0.0133
0.0216
0.0044
0.0052
0.0071
0.0050
0.0060
0.0058
0.0060
0.0023
0.0023
0.0023
0.0035
0.0035
0.0060
0.0023
0.0023
0.0060
0.0058
0.0023
0.0058
0.0023
0.0035
0.0023
0.0023
0.0035
0.0048
0.0023
0.0058
0.0023
0.0024
0.0059
0.0023
0.0023
0.0027
0.0058
0.0035
0.0060
0.0035
0.0035
0.0048
0.0023
0.0023
0.0060
0.0062
0.0058
0.0023
0.0058
0.0023
0.0023
0.0023
0.0058
0.0023
0.0023
0.0023
0.0023
0.0058
0.0023
0.0048
0.0037
0.0023
0.0038
0.0023
0.0058
0.0060
0.0023
0.0060
0.0047
0.0035
0.0060
0.0024
0.0060
0.0025
0.0050
0.0027
0.0061
0.0037
0.0050
0.0023
0.0060
0.0060
0.0024
0.0036
0.0062
0.0024
0.0060
0.0024
0.0036
0.0036
0.0023
0.0058
0.0023
0.0060
0.0037
0.0048

#500
0.0648
0.0806
0.0492
0.0332
0.0329
0.0330
0.0644
0.0491
0.0334
0.0325
0.0332
0.0324
0.0806
0.0338
0.0323
0.0487
0.0803
0.0799
0.0322
0.0812
0.0796
0.0323
0.0323
0.0487
0.0813
0.0325
0.0322
0.0490
0.0802
0.0324
0.0329
0.0647
0.0322
0.0335
0.0510
0.0325
0.0652
0.0327
0.0323
0.0811
0.0794
0.0799
0.0322
0.0816
0.0482
0.0323
0.0422
0.0897
0.0323
0.0803
0.0956
0.0324
0.0482
0.0484
0.0321
0.0323
0.0805
0.0326
0.0481
0.0800
0.0321
0.0804
0.0650
0.0323
0.0487
0.0323
0.0644
0.0329
0.0798
0.0324
0.0325
0.0804
0.0322
0.0810
0.0795
0.0485
0.0803
0.0323
0.0484
0.0822
0.0799
0.0797
0.0797
0.0321
0.0483
0.0647
0.0817
0.0646
0.0484
0.0324
0.0802
0.0323
0.0482
0.0484
0.0323
0.0484
0.0323
0.0321
0.0398
0.0825

#100
0.0148
0.0182
0.0229
0.0182
0.0133
0.0180
0.0053
0.0056
0.0047
0.0052
0.0023
0.0023
0.0035
0.0023
0.0035
0.0061
0.0047
0.0035
0.0023
0.0023
0.0024
0.0023
0.0023
0.0024
0.0035
0.0023
0.0035
0.0035
0.0048
0.0058
0.0023
0.0023
0.0035
0.0023
0.0047
0.0023
0.0060
0.0063
0.0023
0.0059
0.0035
0.0023
0.0060
0.0060
0.0023
0.0048
0.0059
0.0023
0.0035
0.0058
0.0023
0.0023
0.0023
0.0059
0.0058
0.0023
0.0059
0.0023
0.0035
0.0023
0.0035
0.0023
0.0058
0.0060
0.0023
0.0058
0.0058
0.0023
0.0023
0.0047
0.0047
0.0047
0.0035
0.0035
0.0059
0.0023
0.0059
0.0035
0.0023
0.0060
0.0037
0.0025
0.0024
0.0024
0.0023
0.0059
0.0023
0.0023
0.0023
0.0048
0.0023
0.0060
0.0059
0.0023
0.0035
0.0059
0.0048
0.0048
0.0058
0.0025

#100
0.0107
0.0247
0.0091
0.0091
0.0226
0.0090
0.0115
0.0064
0.0032
0.0028
0.0025
0.0024
0.0040
0.0064
0.0062
0.0025
0.0060
0.0024
0.0024
0.0036
0.0024
0.0060
0.0062
0.0060
0.0060
0.0060
0.0024
0.0036
0.0025
0.0025
0.0025
0.0063
0.0062
0.0024
0.0060
0.0060
0.0024
0.0036
0.0061
0.0024
0.0024
0.0059
0.0060
0.0036
0.0063
0.0060
0.0060
0.0024
0.0025
0.0061
0.0024
0.0024
0.0036
0.0036
0.0048
0.0036
0.0060
0.0059
0.0024
0.0024
0.0048
0.0024
0.0036
0.0024
0.0024
0.0059
0.0059
0.0024
0.0024
0.0024
0.0061
0.0036
0.0024
0.0050
0.0036
0.0062
0.0025
0.0053
0.0024
0.0050
0.0061
0.0049
0.0061
0.0024
0.0024
0.0024
0.0037
0.0061
0.0024
0.0039
0.0048
0.0036
0.0024
0.0059
0.0024
0.0024
0.0024
0.0024
0.0024
0.0036

#100
0.0100
0.0091
0.0184
0.0185
0.0224
0.0233
0.0061
0.0060
0.0046
0.0027
0.0036
0.0023
0.0035
0.0023
0.0023
0.0048
0.0023
0.0035
0.0035
0.0023
0.0047
0.0023
0.0047
0.0058
0.0060
0.0035
0.0059
0.0024
0.0024
0.0023
0.0023
0.0035
0.0023
0.0039
0.0060
0.0023
0.0058
0.0060
0.0047
0.0023
0.0058
0.0059
0.0023
0.0048
0.0035
0.0058
0.0035
0.0024
0.0059
0.0060
0.0047
0.0035
0.0058
0.0035
0.0058
0.0035
0.0035
0.0023
0.0058
0.0061
0.0024
0.0036
0.0023
0.0035
0.0023
0.0035
0.0035
0.0023
0.0060
0.0023
0.0023
0.0023
0.0023
0.0023
0.0023
0.0059
0.0060
0.0025
0.0032
0.0038
0.0025
0.0024
0.0024
0.0062
0.0024
0.0024
0.0062
0.0024
0.0060
0.0024
0.0024
0.0065
0.0061
0.0036
0.0024
0.0023
0.0060
0.0023
0.0060
0.0048

#500
0.0820
0.0811
0.0324
0.0340
0.0806
0.0803
0.0648
0.0840
0.0486
0.0327
0.0338
0.0327
0.0811
0.0486
0.0341
0.0332
0.0648
0.0803
0.0655
0.0325
0.0797
0.0331
0.0325
0.0831
0.0325
0.0651
0.0328
0.0325
0.0800
0.0804
0.0324
0.0487
0.0483
0.0325
0.0331
0.0325
0.0810
0.0325
0.0486
0.0326
0.0324
0.0806
0.0325
0.0325
0.0815
0.0330
0.0810
0.0325
0.0484
0.0485
0.0325
0.0326
0.0484
0.0810
0.0327
0.0824
0.0484
0.0325
0.0830
0.0325
0.0802
0.0326
0.0324
0.0325
0.0331
0.0803
0.0810
0.0324
0.0325
0.0694
0.0485
0.0649
0.0325
0.0327
0.0651
0.0815
0.0798
0.0801
0.0326
0.0486
0.0483
0.0325
0.0660
0.0331
0.0324
0.0648
0.0484
0.0817
0.0487
0.0652
0.0810
0.0326
0.0806
0.0694
0.0324
0.0812
0.0812
0.0325
0.0324
0.0649

#5000
3.2569
3.2692
4.8455
3.2596
3.2886
7.5317
7.6284
6.0633
7.8350
7.5213
3.2911
7.8458
7.6826
7.4990
3.2131
3.1843
3.2645
3.2108
3.2651
7.9418
6.5726
4.9509
6.5808
7.9930
7.9941
3.3493
6.5561
4.7684
3.2017
8.1618
3.3790
3.3760
8.0127
5.0752
3.5112
4.7523
